[gd_scene load_steps=4 format=3 uid="uid://mofhot1sh03r"]

[ext_resource type="PackedScene" uid="uid://bd0d8wnn0mpu5" path="res://Models/House_Residential/Trashcan.glb" id="1_l5efe"]

[sub_resource type="BoxShape3D" id="BoxShape3D_l5efe"]
size = Vector3(0.225, 0.4, 0.013)

[sub_resource type="BoxShape3D" id="BoxShape3D_g7tcm"]
size = Vector3(0.197, 0.0135586, 0.197)

[node name="Trashcan" instance=ExtResource("1_l5efe")]
physics_interpolation_mode = 1

[node name="CollisionShape3D" type="CollisionShape3D" parent="." index="1"]
transform = Transform3D(1, 0, 0, 0, 0.9978, 0.0662913, 0, -0.0662913, 0.9978, 0, 0.005, -0.105)
shape = SubResource("BoxShape3D_l5efe")

[node name="CollisionShape3D2" type="CollisionShape3D" parent="." index="2"]
transform = Transform3D(1, 0, 0, 0, 0.997801, -0.0662739, 0, 0.0662739, 0.997801, 0, 0.005, 0.105)
shape = SubResource("BoxShape3D_l5efe")

[node name="CollisionShape3D3" type="CollisionShape3D" parent="." index="3"]
transform = Transform3D(-4.37114e-08, 0.0662739, 0.997801, 0, 0.997801, -0.0662739, -1, -2.89692e-09, -4.36153e-08, 0.105, 0.005, 0)
shape = SubResource("BoxShape3D_l5efe")

[node name="CollisionShape3D4" type="CollisionShape3D" parent="." index="4"]
transform = Transform3D(-4.37114e-08, -0.0662739, 0.997801, 0, 0.997801, 0.0662739, -1, 2.89692e-09, -4.36153e-08, -0.105, 0.005, 0)
shape = SubResource("BoxShape3D_l5efe")

[node name="CollisionShape3D5" type="CollisionShape3D" parent="." index="5"]
transform = Transform3D(1, 0, 0, 0, 1, 0, 0, 0, 1, 0.000328384, -0.188449, 0)
shape = SubResource("BoxShape3D_g7tcm")
